;
;  < 실시간 데이터 정보파일 >
;
; 형식 = GIDC(2) + DESC(20) + NFID(3) + FID1(5) + ... + FIDn(5)'\r\n'
;
; 1. 주식
;
0A주식시세            22 10   11   12   27   28   13   14   16   17   18   25   26   29   30   31   32   311  822  567  568  732  852  
0B주식체결            43 20   10   11   12   27   28   15   13   14   16   17   18   25   26   29   30   31   32   228  311  290  691  822  567  568  851  1890 1891 1892 1030 1031 1032 1071 1072 1313 1315 1316 1314 1497 1498 620  732  852  
1A주식상하한          13 9001 302  10   25   11   12   13   30   9076 61   71   333  14   
0C주식우선호가        02 27   28   
0D주식호가잔량        10321   41   61   81   51   71   91   42   62   82   52   72   92   43   63   83   53   73   93   44   64   84   54   74   94   45   65   85   55   75   95   46   66   86   56   76   96   47   67   87   57   77   97   48   68   88   58   78   98   49   69   89   59   79   99   50   70   90   60   80   100  121  122  125  126  23   24   128  129  138  139  200  201  238  291  292  293  294  295  621  631  622  632  623  633  624  634  625  635  626  636  627  637  628  638  629  639  630  640  13   299  215  216  
0E주식시간외호가      05 21   131  132  135  136  
0F주식당일거래원      88 141  161  166  146  271  151  171  176  156  281  142  162  167  147  272  152  172  177  157  282  143  163  168  148  273  153  173  178  158  283  144  164  169  149  274  154  174  179  159  284  145  165  170  150  275  155  175  180  160  285  261  262  263  264  267  268  337  13   1861 1862 1863 1864 1865 1871 1872 1873 1874 1875 1261 1263 1267 1876 1877 1878 1879 1880 1881 1882 1883 1884 1885 1264 1265 1266 1886 1887 1888 1889
0GETF NAV             15 36   37   38   39   20   10   11   12   13   25   768  769  770  265  266  
0uELW 지표            06 20   666  1211 667  668  669  
0mELW 이론가          10 20   10   670  671  672  673  674  675  676  706  
0H주식예상체결        07 20   10   11   12   15   13   25   
0g주식종목정보        13 297  592  593  305  306  307  689  594  382  370  330  300  1491 
0h임의연장정보        10 580  581  582  583  584  585  586  587  588  589  
0aECN주식시세         11 1001010011100121002710028100131001410016100171001810025
0bECN주식체결         13 10020100101001110012100271002810015100131001410016100171001810025
0cECN주식우선호가     02 1002710028
0dECN주식호가잔량     41 1002110041100421004310044100451006110062100631006410065100811008210083100841008510051100521005310054100551007110072100731007410075100911009210093100941009510121101221012510126100231002410035100331003410128
0eECN주식시간외호가   05 1002110131101321013510136
0fECN주식당일거래원   20 1014110161101511017110142101621015210172101431016310153101731014410164101541017410145101651015510175
0i시간외종목정보      04 10297103051030610307
0Q주식거래원          16 9001 9026 302  334  20   203  207  210  211  260  337  10   11   12   25   1319 
1Q주식거래원(1LINE)   15 9001 9026 302  334  20   203  207  210  211  213  337  10   11   12   25   
0w종목별프로그램매매  37 20   10   25   11   12   13   202  204  206  208  210  212  213  211  928  929  502  505  511  514  523  522  549  548  571  570  526  529  535  538  547  546  551  550  573  572  14   
1yVI정적예상가        05 1229 1227 1228 1487 1488 
1zVI발동/해제-종목별  13 13   14   9068 9008 9075 1221 1223 1224 1225 1236 1237 1238 1239 
1w종목별프로그램매매2 02 1188 1189 
1I종목투자자(잠정)    90 7103 22   1800 1801 1802 1803 1804 1805 1806 1807 1808 1809 1810 1811 1812 1813 1814 1815 1816 1817 1818 1819 1820 1821 1822 1823 1824 1825 1826 1827 1828 1829 1830 1831 1832 1833 1834 1835 1836 1837 1838 1839 1840 1841 1842 1843 1844 1845 1846 1847 1848 1849 1850 1851 1852 1853 1854 1855 1856 1857 1858 1859 1960 1961 1962 1963 1964 1965 1966 1967 1968 1969 1970 1971 1972 1973 1974 1975 1976 1977 1450 1451 1452 1453 263  261  267  1263 1261 1267
2I종목투자자(거래소)  90 7103 22   1800 1801 1802 1803 1804 1805 1806 1807 1808 1809 1810 1811 1812 1813 1814 1815 1816 1817 1818 1819 1820 1821 1822 1823 1824 1825 1826 1827 1828 1829 1830 1831 1832 1833 1834 1835 1836 1837 1838 1839 1840 1841 1842 1843 1844 1845 1846 1847 1848 1849 1850 1851 1852 1853 1854 1855 1856 1857 1858 1859 1960 1961 1962 1963 1964 1965 1966 1967 1968 1969 1970 1971 1972 1973 1974 1975 1976 1977 1454 1455 1456 1457 263  261  267  1263 1261 1267
1g대주가능수량        01 857
;
; 2. 선물
;
0j선물옵션우선호가    03 10   27   28   
0K선물시세            43 20   10   11   12   27   28   15   13   14   16   17   18   195  182  184  183  186  181  185  25   197  26   246  247  248  30   196  845  848  846  849  847  850  851  1365 1366 1367 305  306  228  232  234  236  
0L선물호가잔량        60 21   27   28   41   61   81   101  51   71   91   111  42   62   82   102  52   72   92   112  43   63   83   103  53   73   93   113  44   64   84   104  54   74   94   114  45   65   85   105  55   75   95   115  121  122  123  125  126  127  137  128  13   23   238  200  201  291  293  294  295  
0k선물이론가          10 195  182  184  183  186  181  185  246  247  248  
0I선물기초자산시세    04 10   25   11   12   
0V실시간상하한가      04 1365 1366 305  306  
;
; 3. 옵션
;
0O옵션시세            53 20   10   11   12   27   28   15   13   14   16   17   18   195  182  186  190  191  193  192  194  181  25   26   137  187  197  246  247  248  219  196  188  189  30   391  392  393  845  848  846  849  847  850  851  1365 1366 1367 305  306  228  232  234  236  
0P옵션호가잔량        60 21   27   28   41   61   81   101  51   71   91   111  42   62   82   102  52   72   92   112  43   63   83   103  53   73   93   113  44   64   84   104  54   74   94   114  45   65   85   105  55   75   95   115  121  122  123  125  126  127  137  128  13   23   238  200  201  291  293  294  295  
0l옵션이론가          15 195  182  186  190  191  193  192  194  181  246  247  248  187  188  189  
;
0o주식옵션시세        40 20   10   11   12   27   28   15   13   14   16   17   18   195  182  186  190  191  193  192  194  181  25   26   845  848  846  849  847  850  851  1365 1366 1367 305  306  197  196  232  234  236  
0p주식옵션호가잔량    45 21   27   28   41   42   43   44   45   61   62   63   64   65   101  102  103  104  105  51   52   53   54   55   71   72   73   74   75   111  112  113  114  115  121  123  125  127  23   238  200  201  291  293  294  295  
0q주식옵션이론가      09 195  182  186  190  191  193  192  194  181  
0r선물옵션우선호가    03 10   27   28   
;
; 4. 업종
;
0J업종지수            12 20   10   11   12   15   13   14   16   17   18   25   26   
0U업종등락            14 20   252  251  253  255  254  13   14   10   11   12   256  257  25   
0X자체업종지수        10 20   10   11   12   15   13   14   41   51   25   
0x예상업종지수        07 20   291  292  294  295  293  9075 
;
; 5. 티커
;
0T시황/뉴스           12 225  777  222  223  9001 302  224  20   22   249  250  9407 
0S환률                15 570  571  572  573  574  575  576  577  578  579  580  581  582  583  584  
0s장시작시간          03 215  20   214  
0Z투자자ticker        06 6028 6029 6034 886  887  888  
1s상하한가폭변경      07 401  802  803  804  805  806  807  
1hVI발동/해제         19 9001 302  13   14   9068 9008 9075 1221 1223 1224 1225 1236 1237 1238 1239 1489 1490 9069 1279 
;
; 6. 투자자별 매매
0z투자자별매매        16 20   217  202  203  204  205  206  207  208  209  210  211  212  213  561  562  
2z투자자별매매        16 20   217  202  203  204  205  206  207  208  209  210  211  212  213  561  562  
; 7. 프로그램 매매
0t프로그램매매        66 20   202  204  206  208  210  212  211  213  500  501  502  503  504  505  506  507  508  509  510  511  512  513  514  515  516  517  518  519  520  521  522  523  524  525  526  527  528  529  530  531  532  533  534  535  536  537  538  539  540  541  542  543  544  545  546  547  548  549  550  551  197  183  195  928  929
; 8. 해외시세
0R해외시세            10 20   10   11   12   13   16   17   18   25   22   
; 9. 주문체결/잔고/실시간신호
;
00주문체결            35 9201 9203 9205 9001 912  913  302  900  901  902  903  904  905  906  907  908  909  910  911  10   27   28   914  915  938  939  919  920  921  922  923  949  10010969  819  
01파생잔고            20 9201 9001 302  10   930  931  932  933  945  946  950  951  27   28   307  8019 397  305  306  947  
04현물잔고            37 9201 9001 917  916  302  10   930  931  932  933  945  946  950  951  27   28   307  8019 957  958  918  990  991  992  993  959  924  1001025   11   12   306  305  970  100121002510011
05예수금              27 9205 9201 951  935  937  952  953  954  955  956  8043 971  972  973  974  975  976  977  978  979  980  981  982  983  984  985  957  
06해외주문체결        28 9201 9203 9205 9001 912  913  302  900  901  902  903  904  905  906  907  908  909  910  911  10   27   28   914  915  938  939  8046 8043 
07해외잔고            29 9201 9001 917  916  302  10   930  931  932  933  945  946  950  951  27   28   307  8019 957  958  918  990  991  992  993  959  8046 8043 8045 
08순간체결량          12 20   9001 302  10   25   11   12   15   13   30   14   1313 
09주문체결서버상태    05 961  962  963  966  967  
0v증거금              20 9201 8048 8049 8050 8051 8052 8053 8054 8055 8056 8057 8058 8059 8060 8061 8062 8066 8063 8064 8065 
20CFD주문             21 9601 9602 240009201 9203 9001 907  905  904  302  906  337  900  901  902  913  9603 908  9622 10   50712
21CFD체결             39 9601 9602 240009201 9203 9001 907  905  904  302  906  337  900  901  909  911  910  903  9604 913  902  938  9605 9606 9607 9608 939  9609 9610 9611 9612 9613 9614 9615 950  914  9622 10   50712
22CFD마진콜경고       09 240009201 9616 9617 9618 9619 9620 9621 8043 
23CFD입출고           21 240009623 9624 9201 9001 302  907  900  932  9609 9610 9611 9612 9613 9614 9615 10   950  8002 9605 50712
;자유 format realtime data
0~자유포멧            00
02조건검색            05 841  9001 843  20   907  
03일반신호            07 841  9001 302  907  20   840  842  
;10. 로컬리얼
0!주문체결            38 9201 9203 9205 9001 912  913  302  900  901  902  903  904  905  906  907  908  909  910  911  10   27   28   914  915  938  939  919  920  921  922  923  949  10010969  13312133138000 985  
0_해외주문체결        30 9201 9203 9205 9001 912  913  302  900  901  902  903  904  905  906  907  908  909  910  911  10   27   28   914  915  938  939  8046 8043 8000 985  
0"리얼잔고            61 9201 9001 917  916  302  1300013001930  931  932  8002 10   8008 945  13004130051300613007950  946  951  27   28   933  307  8019 957  958  918  990  991  992  993  13049130501303713054130811309013091306  305  13092959  13093397  925  926  924  10010131491315013151131601316125   11   12   100121002510011
0^해외리얼잔고        47 9201 9001 917  916  302  1300013001930  931  8002 10   8008 945  13004130051300613007950  946  951  27   28   933  307  8019 957  958  918  990  991  992  993  13049130501303713054130811309013091306  305  13092959  130938046 8043 8045 
0#리얼잔고총합        27 9201 13002130031300813009950  13047130481305113052130538019 990  991  992  993  1308213083130841308513086130871308813089131521315313154
0|해외잔고총합        24 9201 13002130031300813009950  13047130481305113052130538019 990  991  992  993  1308213083130841308513086130871308813089
0$스톱로스            17 9201 9001 132001320113202132031320413205132301323113232132331322213223132201322113224
0%선물옵션합계        21 9201 1301013011130121301313014130151301613017130181301913020130211302213023130241302513026130271302813029
0&스톱주문            16 9201 9001 302  132001320113202132031320413205132201322113222132121321313214907  
0'예수금              18 9201 130551305613069130671306813070951  8006 8007 935  937  952  953  954  955  956  8043 
2!CFD주문체결         44 9601 9602 240009201 9203 9001 907  905  904  302  906  337  900  901  902  909  911  9603 910  908  903  9622 10   9604 913  938  9605 9606 9607 9608 939  9609 9610 9611 9612 9613 9614 9615 950  914  13907139085071213310
2@CFD리얼잔고         25 9601 9602 240009201 9001 907  302  930  902  933  931  10   1300513000130019610 13006130079611 8002 1309013091139075071213310
2#CFD리얼잔고총합     11 9201 13002130081300313009950  1309213098130931309913950
2$CFD마진콜경고       09 240009201 9616 9617 9618 9619 9620 9621 8043 
0@모니터링 실시간LOG  06 9001 2000020001200022000320010
0N주식선물호가잔량    99 21   27   28   41   61   81   101  51   71   91   111  42   62   82   102  52   72   92   112  43   63   83   103  53   73   93   113  44   64   84   104  54   74   94   114  45   65   85   105  55   75   95   115  46   66   86   106  56   76   96   116  47   67   87   107  57   77   97   117  48   68   88   108  58   78   98   118  49   69   89   109  59   79   99   119  50   70   90   110  60   80   100  120  121  122  123  125  126  127  137  128  23   238  200  201  291  293  294  295  
0-실시간증거금        20 9201 8048 8049 8050 8051 8052 8053 8054 8055 8056 8057 8058 8059 8060 8061 8062 8066 8063 8064 8065 
0nX-Ray순간체결량     19 302  9001 20   10   260  23   700  346  15   13   12   11   25   701  702  703  704  705  706  
0Y매입인도체결        08 1201012011120121201512025120301230512306
0y매입인도호가        21 120231202412030120351220012201120211212112125120411206112051120711204212062120521207212043120631205312073
0W코넥스경매매체결    08 20   10   11   12   15   13   14   25   
0+데이터셋실시간      29 41   42   43   44   45   46   47   48   49   50   51   52   53   54   55   56   57   58   59   60   305  306  10   16   17   18   14   307  857  
11수동자동주문        26 1223 1225 1751 1337 1745 1703 24031240329001 1744 1753 1754 1727 907  1728 1729 1730 1731 1704 1722 1724 1725 1757 10   1759 1758 
12자동주문결과        36 1223 1225 1751 1337 1745 1703 24031240329001 1753 1754 1735 1727 907  1729 1731 9203 910  911  903  908  1752 1755 1760 1759 1757 1704 1705 1738 1741 1740 1739 1722 1706 1725 1710 
13TS고저변경          12 1223 1225 1751 1337 1745 1703 24031240329001 1722 1724 1725 
14잔고편입            41 1337 1745 1703 24031240329001 1700 1701 1702 1704 1705 1706 1707 1708 1709 1710 1711 1712 1713 1714 1715 1716 1717 1718 1719 1720 1721 1722 1723 1724 1725 1726 1727 907  1728 1729 1730 1731 1732 1744 916  
15기준가변경          15 1223 1225 1751 1337 1745 1703 24031240329001 1706 1710 1714 1718 1722 1725 
16멀티차단            05 1337 20018200552011620017
17잔고청산삭제        10 1223 1225 1751 1337 1745 1703 24031240329001 1758
1m미체결통보시스템    11 9201 986  987  988  989  9001 916  917  9203 900  901  
1C채널K실시간티커     10 225  221  223  22   20   224  249  777  250  9406 
1R빅데이터종목1분     12 7102 7103 9001 302  1900 1901 1902 1903 1904 1905 1906 1907 
1S빅데이터종목10분    12 7102 7103 9001 302  1900 1901 1902 1903 1904 1905 1906 1907 
1T빅데이터종목1시간   12 7102 7103 9001 302  1900 1901 1902 1903 1904 1905 1906 1907 
1U빅데이터종목당일    12 7102 7103 9001 302  1900 1901 1902 1903 1904 1905 1906 1907 
1W빅데이터뉴스        16 225  777  222  223  9001 302  224  20   22   249  250  1901 1902 7102 7103 1900 
1B신호관리자투자정보  07 841  9001 20   225  701  302  224  
1X빅데이터급상승      07 7102 7103 9001 302  1903 1904 1905 
1Y빅데이터종목30초    12 7102 7103 9001 302  1900 1901 1902 1903 1904 1905 1906 1907 
30알-종목포착이탈     10 14037200001745 1703 24031240329001 1225 1223 6610 
31알-매도감시시작     11 14037200001745 1703 24031240329001 6606 1225 1400414005
32알-매도감시포착     22 14037200001745 1703 24031240329001 6606 1223 1757 14004140056610 1704 1705 1706 1714 1722 1725 132211225 1719 
33알-주문결과         27 14037200001745 1703 24031240329001 6606 1225 14004140051760 1223 140061753 1754 9203 1727 1729 1731 905  910  911  13005908  1752 1755	
34알-청산시작         07 14037200001745 1703 24031240321225 
35알-청산완료         07 14037200001745 1703 24031240321225 
36알-감시시작         10 14037200001745 1703 24031240321225 1733 140069400 
37알-내조건식수정     03 200001225 6601	
38알-주문조건수정     46 200001225 6604 6601 6605 6611 140071400814009140101401114012140131401414015140161401714018140191402114022140231402414025140261402714028140298011 6631 6632 6523 140301707 1708 1709 1715 1716 1717 14031140328014 14033140341403514036
39알-제한여부         08 14037200001745 1703 2403124032140281225 
40알-멀티차단         05 1337 20018200552011620017
41알-TS변경           13 14037200001745 1703 24031240329001 6606 1223 1722 1725 132211719 
3a알-모의주문체결     33 9201 9203 9205 9001 912  913  302  900  901  902  903  904  905  906  907  908  909  910  911  10   27   28   914  915  938  939  919  920  921  922  923  949  10010
3c알-모의현물잔고     31 9201 9001 917  916  302  10   930  931  932  933  945  946  950  951  27   28   307  8019 957  958  918  990  991  992  993  959  924  1001025   11   12   
3!알-모의 주문체결    37 9201 9203 9205 9001 912  913  302  900  901  902  903  904  905  906  907  908  909  910  911  10   27   28   914  915  938  939  919  920  921  922  923  949  1001013312133138000 985  
3"알-모의 리얼잔고    19 9201 9001 302  1300013001930  931  932  10   13004130051300613007950  951  933  8019 1309213037
3#알-모의리얼잔고총합 27 9201 13002130031300813009950  13047130481305113052130538019 990  991  992  993  1308213083130841308513086130871308813089131521315313154
;채권
1a채권체결            11 20   10   11   12   13   14   15   16   17   18   25   
1b채권호가잔량        32 41   61   51   71   722  727  42   62   52   72   723  728  43   63   53   73   724  729  44   64   54   74   725  730  45   65   55   75   726  731  121  125  
1c소액채권체결        11 20   10   11   12   13   14   15   16   17   18   25   
1d소액채권호가잔량    32 41   61   51   71   722  727  42   62   52   72   723  728  43   63   53   73   724  729  44   64   54   74   725  730  45   65   55   75   726  731  121  125  
;
;  < 실시간 데이터 정보파일 >
;
; 형식 = GIDC(2) + DESC(20) + NFID(3) + FID1(5) + ... + FIDn(5)'\r\n'
;
; 1. FX/미국주문/해외선물/CME/EUREX 시세
;
FAFX종목시세          41    21   275012550122501055010650107501135011450115   285012650123501095011050111501165011750118   105012750124   16   17   18501195012050121501025010450103   11   125013350134   25501385013250135   2250001
FCCME시세             36    20   10   11   12   27   28   15   13   14   16   17   18  195  182  184  183  186  181  185   25  197   26  246  247  248   30  196   225000650001  845  848  846  849  847  850
FcCME미결제약정       03   195  181  196
FDCME호가잔량         52    21   27   28   41   61   81  101   51   71   91  111   42   62   82  102   52   72   92  112   43   63   83  103   53   73   93  113   44   64   84  104   54   74   94  114   45   65   85  105   55   75   95  115  121  122  123  125  126  127  137  128   13
fUEUF시세             36    20   10   11   12   27   28   15   13   14   16   17   18  195  182  184  183  186  181  185   25  197   26  246  247  248   30  196   225000650001  845  848  846  849  847  850
fuEUF호가잔량         56    21   27   28   41   61   81  101   51   71   91  111   42   62   82  102   52   72   92  112   43   63   83  103   53   73   93  113   44   64   84  104   54   74   94  114   45   65   85  105   55   75   95  115  121  122  123  125  126  127  137  128   13   23  238  200  201
FUEUREX시세           25    20   10   11   12   27   28   15   13   16   17   18  187  188   25  197   26   30   2250001  845  848  846  849  847  850
FuEUREX호가           32    21   27   28   41   61   81   51   71   91   42   62   82   52   72   92   43   63   83   53   73   93  121  122  125  126  137  128   13   23  238  200  201
FE미국체결            16    10   11   12   27   28   13   14   15   16   17   18   25   30   20   22  228
FF미국호가            11    21   41   61   81   51   71   91  121  122  125  126
FT미국10호가          65    21   41   61   81   51   71   91   42   62   82   52   72   92   43   63   83   53   73   93   44   64   84   54   74   94   45   65   85   55   75   95   46   66   86   56   76   96   47   67   87   57   77   97   48   68   88   58   78   98   49   69   89   59   79   99   50   70   90   60   80  100  121  122  125  126
Fa싱가포르주식체결    16    10   11   12   27   28   13   14   15   16   17   18   25   30   20   22  228
Fe싱가포르주식호가    47    21   27   28   41   61   81  101   51   71   91  111   42   62   82  102   52   72   92  112   43   63   83  103   53   73   93  113   44   64   84  104   54   74   94  114   45   65   85  105   55   75   95  115  121  122  125  126
FG장운영정보          03   297   22   20
FK해외선물시세        23    20   10  140   11   12   27   28   15   13   16   17   18   25   26   30   2250001  845  848  846  849  847  850 
FL해외선물호가잔량    61    21   27   28   41   61   81  101   51   71   91  111   42   62   82  102   52   72   92  112   43   63   83  103   53   73   93  113   44   64   84  104   54   74   94  114   45   65   85  105   55   75   95  115  121  122  123  125  126  127  137  128  600  601  602  603  604  610  611  612  613  614
FP해외옵션시세        23    20   1050140   11   12   27   28   15   13   16   17   18   25   26   30   2250001  845  848  846  849  847  850
Fp해외옵션호가잔량    61    21   27   28   41   61   81  101   51   71   91  111   42   62   82  102   52   72   92  112   43   63   83  103   53   73   93  113   44   64   84  104   54   74   94  114   45   65   85  105   55   75   95  115  121  122  123  125  126  127  137  128  600  601  602  603  604  610  611  612  613  614
FJ미국업종지수        12    10   11   12   13   14   15   16   17   18   25   20   22
FR배치데이터갱신      02  438420003
Fr종목마스터갱신      02  438420003
FnCFD종목마스터갱신   02  438420003
Ff해외선물음수근접    02  438420003
Fs장시작시간          04   390  215   20  214
Fd투자자별매매        23    20  217  202  203  204  205  206  207  208  209  210  211  212  213  561  56250401504205040350421504045042250423
;
; 2. 주문체결/잔고/실시간신호
;
F0FX주문체결          35  9201 9203 9001  905  91350712  302  900  901  902  904  906  920  907  919  908  909  910  911  903  935  939  921  922  923  924  925  926  927  928  929  948  930  93313348
F1FX마진콜경고        04  9201 8054 8055 8053
F2FX증거금변경        06  9201 8054 8055 8056 8057 8058
F3FX외화입출금        09  9201 8059 8055 8063 8064 8043 8060 8061 8062
F4해외주식주문        22  9201 9203 9001  905 8046  907  904  900  901  906  913  908133205081050716 80435084155190 109150072  30250073
F5해외주식체결        48  9201 9203 9001  905 8046  907 9210  904  909  900  901  911  91013323133241332513326  913  902  90813320 8018 8019 8004 8005  934  93650842508435072650810  93050708  93150716 8043508415084455190 109113006 80755007150072  302500735072450725
F6해외선물주문        25  9201 9203 9001  907  905  904  302  906  900  901507015070250703  902  913  9195000550712 8043  9085071350714507155071650723
F7해외선물체결        42  9201 9203 9001  907  905 804650712  904  302  906  900  901507025070150703  909  911  910507045070550706  913  902  9355070750708 8018 8043 8009  93050709  90850710507115071350714507155071750718507195071650723
FI해외선물마진콜      05  9201 8054 8055 8053 8043
F8CME/EUREX주문       12  9201 9203 9001  907  905  904  906  900  901  902  913  908
F9CME/EUREX체결       28  9201 9203 9001  907  905  904  906  900  901  911  91013326  913  902133271332813006133351333613337 8009  93013334  908  964  965 8018 8019
FBCME배치             16 13338 9201 9001  302  907  930  9331300013001  931   101300413005130061333513336
FbEUREX배치           16 13338 9201 9001  302  907  930  9331300013001  931   101300413005130061333513336
FM미국입출고          11  9064 9201 9001  900  90113303130941309550005 8043  302
FN미국종목변경        10  9201 900113334  900  9011330350005 804350340  302
FH해외실시간잔고      02  9201 9064
50CFD주문             25 9601 9602 240009201 9203 9001 907  905  904  302  906  900  901  902  913  9603 908  9622 10   8043 8046 50005551901091 50712
51CFD체결             44 9601 9602 240009201 9203 9001 907  905  904  302  906  900  901  909  911  910  903  9604 913  902  938  9605 9606 9607 9608 939  9609 9610 9611 9612 9613 9614 9615 950  914  9622 10   507188043 8046 50005551901091 50712
52CFD마진콜경고       09 240009201 9616 9617 9618 9619 9620 9621 8043 
53CFD입출고           25 240009623 9624 9201 9001 302  907  900  932  9609 9610 9611 9612 9613 9614 9615 10   950  8002 9605 507188043 8046 500051091 
;
;3. 로컬리얼
;
F!FX미체결            16  9201 9203 9001  907  902  901  921  922  923  913  905  924  908  948  92513348
F"FX잔고              18  9201  909 9001  907  930  933  93113300  921  922  923133015013313000 801813302  93513303
F%FX포지션요약        12  9201 90011331013311   28133121331313314   27133151331613317
F'FX예수금            09  9201 8050  926  928 8051  933 8052 805313306
F#FX잔고총합          07  9201 90011330413305133061330713308
F~FX마진콜            04  9201 8054 8055 8053
F?FX잔고미체결총합    14  9201 9001133131334013341133431331413315133101334413345133471331113312
F_해외주식미체결      21  9201 9203 9001  302  907  913  901  90050810  902 8043  908 1091 804615001  906  90450073  92250064   10
F^해외주식실시간잔고  30  9201 9001  302  931  930  933   10 8008  945130041300513006 8075 80431309250718 1091 80461500115002150031500415005150061500713000130011505950064   12
F*해외주식잔고합      77  920113008130021300313009 8018 801915008150091501015011150121501315014150151501615017150181501915020150211502215023150241502515026150271502815029150301503115032150331503415035150361503715038150391504015041150421504315044150451504615047150481504915050150511505215053150541505515056150571505815059150601506115062150631506415065150661506715068150691507015071150721507315074150751507615077
F&해외선물미체결      19  9201 9203 9001  907  90250702  9005071550703  9135071350714  904  906  908 8043  905  30250704
F/해외선물잔고        20  9201 9001  907  930  933  931   1013000130101300115058 8009 8040 80431300650718  302150591506015061
F|해외선물잔고합      09  9201133041330513306 8018 8009130091301113012
F(해외선물마진콜      05  9201 8054 8055 8053 8043
F+CME미체결           14  9201 9203 9001  907  902  901  900  913  904  906  908  302  905   10
F<CME실시간잔고       13  9201 9001  907  930  933  931   101300013001130041300513006  302
F:스톱주문            16  9201 9001  302132001320113202132031320413205132201322113222132121321313214  907
F$스톱로스            14  9201 9001132001320113202132031320413205132061320713208132091321013211
F>CME잔고합           07  92011300213003 8018 80191300813009
F@모니터링 실시간LOG  06  90012000020001200022000320010
5!CFD주문체결         29 9601 9602 240009201 9203 9001 907  905  904  302  906  900  901  902  913  9603 908  9622 10   8043 8046 50005551901091 5071213907139085006450073
5@CFD리얼잔고         39 9601 9602 240009201 9001 907  302  902  9605 9610 9611 10   507188043 500051091 50064930  933  931  130051300013090130011309113006130078002 1390715060150041500315002150051505915062150061500712   
5#CFD리얼잔고총합     16 9201 1300213008130031300913074950  13093130991309213098130831395013075130738019 
;
;자유 format realtime data
;
S2조건검색            05   841 9001  843   20  907  
1K홍콩체결            35    20   10   11   12   27   28   15   13   14   16   17   18  195  182  184  183  186  181  185   25  197   26  246  247  248   30  196  845  848  846  849  847  850  851  228
1M홍콩시세            17    10   11   12   27   28   13   14   16   17   18   25   26   29   30  311  412  413
1N홍콩호가잔량        99    21   27   28   41   61   81  101   51   71   91  111   42   62   82  102   52   72   92  112   43   63   83  103   53   73   93  113   44   64   84  104   54   74   94  114   45   65   85  105   55   75   95  115   46   66   86  106   56   76   96  116   47   67   87  107   57   77   97  117   48   68   88  108   58   78   98  118   49   69   89  109   59   79   99  119   50   70   90  110   60   80  100  120  121  122  123  125  126  127  137  128   23  238  200  201  291  293  294  295
1x홍콩단일가시세      06    20  291  292  294  295  293
1J홍콩업종지수        12    20   10   11   12   15   13   14   16   17   18   25   26
1V홍콩실시간상하한가  02   305  306
2K후강퉁체결          35    20   10   11   12   27   28   15   13   14   16   17   18  195  182  184  183  186  181  185   25  197   26  246  247  248   30  196  845  848  846  849  847  850  851  228
2M후강퉁시세          17    10   11   12   27   28   13   14   16   17   18   25   26   29   30  311  412  413
2N후강퉁호가잔량      99    21   27   28   41   61   81  101   51   71   91  111   42   62   82  102   52   72   92  112   43   63   83  103   53   73   93  113   44   64   84  104   54   74   94  114   45   65   85  105   55   75   95  115   46   66   86  106   56   76   96  116   47   67   87  107   57   77   97  117   48   68   88  108   58   78   98  118   49   69   89  109   59   79   99  119   50   70   90  110   60   80  100  120  121  122  123  125  126  127  137  128   23  238  200  201  291  293  294  295
2x후강퉁단일가시세    06    20  291  292  294  295  293
2J후강퉁업종지수      12    20   10   11   12   15   13   14   16   17   18   25   26
G1수동자동주문        33  1223 1225 1751 1337 1745 17032403124032 9001 1744 1753 1754 1727  907 1728 1729508095081050811 1730 1731 1704 172250805 172450806 172550807 1757 170650801 1759 1758
G2자동주문결과        46  1223 1225 1751 1337 1745 17032403124032 9001 1753 1754 1735 1727  907 172950809 1731 9203  910  910  911  903  908 1752 1755 1759 1757 170650801 176050813 1704 1705 1738 1741 1740 173950808 172250805 170650807 172550806 171050802
G3TS고저변경          15  1223 1225 1751 1337 1745 17032403124032 9001 172250805 172450806 172550807
G4잔고편입            50  1337 1745 17032403124032 9001 1700 1701 1702 1704 1705 170650801 1707 1708 1709 171050802 1711 1712 1713 171450803 1715 1716 1717 171850804 1719 1720 1721 172250805 1723 1724 172550806 1726 1727  907 1728 1729508095081050811 1730 1731 1732 1744  916
G5기준가변경          21  1223 1225 1751 1337 1745 17032403124032 9001 170650801 171050802 171450803 171850804 172250805 172550806
G6멀티차단            05  133720018200552011620017
G7잔고청산삭제        10  1223 1225 1751 1337 1745 17032403124032 9001 1758
Ga바이앤셀주문결과    23  1225 1745 17032403124032 900150820 9203 1754 1735  907 1727 17315080950811  91150812  903  902  908 1752 1755 1766
Gb바이앤셀감시삭제    08  122520000 1745 17032403124032 9001 1766
Gc바이앤셀멀티차단    04  1337200182005520116
Gd바이앤셀감시생성    23  1225 1745 17032403124032 9001  907 1727 17315080950814508115081550715  3025081950820508215082250823508245082750828
;
;빅데이터 종목 조회 순위, 조회 급증
;미국
NR종목조회순위1분     12  1118 1119 9001  3025100051002510015100351004510055100651007
NS종목조회순위10분    12  1118 1119 9001  3025100051002510015100351004510055100651007
NT종목조회순위1시간   12  1118 1119 9001  3025100051002510015100351004510055100651007
NU종목조회순위당일    12  1118 1119 9001  3025100051002510015100351004510055100651007
NX종목조회순위급증    07  1118 1119 9001  302510035100451005
;중국
CR종목조회순위1분     12  1118 1119 9001  3025100051002510015100351004510055100651007
CS종목조회순위10분    12  1118 1119 9001  3025100051002510015100351004510055100651007
CT종목조회순위1시간   12  1118 1119 9001  3025100051002510015100351004510055100651007
CU종목조회순위당일    12  1118 1119 9001  3025100051002510015100351004510055100651007
CX종목조회순위급증    07  1118 1119 9001  302510035100451005
;홍콩
HR종목조회순위1분     12  1118 1119 9001  3025100051002510015100351004510055100651007
HS종목조회순위10분    12  1118 1119 9001  3025100051002510015100351004510055100651007
HT종목조회순위1시간   12  1118 1119 9001  3025100051002510015100351004510055100651007
HU종목조회순위당일    12  1118 1119 9001  3025100051002510015100351004510055100651007
HX종목조회순위급증    07  1118 1119 9001  302510035100451005
